1 1 1.00228
1 2 0.00360312
2 1 0.00360312
1 3 0.00880427
3 1 0.00880427
1 4 0.000112393
4 1 0.000112393
1 5 0.00479506
5 1 0.00479506
1 6 0.00888721
6 1 0.00888721
1 7 0.0048615
7 1 0.0048615
1 8 0.00500767
8 1 0.00500767
1 9 0.000626568
9 1 0.000626568
1 10 0.00106044
10 1 0.00106044
1 11 0.0148151
11 1 0.0148151
1 12 0.0049457
12 1 0.0049457
1 13 0.00576416
13 1 0.00576416
1 14 0.00033319
14 1 0.00033319
1 15 0.0037066
15 1 0.0037066
1 16 0.00519473
16 1 0.00519473
1 17 0.00169227
17 1 0.00169227
1 18 0.00367744
18 1 0.00367744
1 19 0.0173167
19 1 0.0173167
1 20 0.0133102
20 1 0.0133102
1 21 0.00571753
21 1 0.00571753
1 22 0.00528694
22 1 0.00528694
1 23 0.0180639
23 1 0.0180639
1 24 0.0104038
24 1 0.0104038
1 25 0.00727047
25 1 0.00727047
1 26 0.0110537
26 1 0.0110537
1 27 0.00386039
27 1 0.00386039
1 28 0.000583647
28 1 0.000583647
1 29 0.00334475
29 1 0.00334475
1 30 0.00124865
30 1 0.00124865
1 31 0.0176654
31 1 0.0176654
1 32 0.0113762
32 1 0.0113762
1 33 0.010275
33 1 0.010275
1 34 0.00101731
34 1 0.00101731
1 35 0.0161974
35 1 0.0161974
1 36 0.0118418
36 1 0.0118418
1 37 0.0275238
37 1 0.0275238
1 38 0.00123068
38 1 0.00123068
1 39 0.00481351
39 1 0.00481351
1 40 0.00525518
40 1 0.00525518
1 41 0.0139669
41 1 0.0139669
1 42 0.00115353
42 1 0.00115353
1 43 0.0110484
43 1 0.0110484
1 44 0.00291564
44 1 0.00291564
1 45 0.0232898
45 1 0.0232898
1 46 0.00888412
46 1 0.00888412
1 47 0.00274761
47 1 0.00274761
1 48 0.0138815
48 1 0.0138815
1 49 0.00498462
49 1 0.00498462
1 50 0.00370404
50 1 0.00370404
1 51 0.00507624
51 1 0.00507624
1 52 0.00837209
52 1 0.00837209
1 53 0.00624699
53 1 0.00624699
1 54 0.00970324
54 1 0.00970324
1 55 0.00602341
55 1 0.00602341
1 56 0.00563541
56 1 0.00563541
1 57 0.0269141
57 1 0.0269141
1 58 0.00482712
58 1 0.00482712
1 59 0.0233215
59 1 0.0233215
1 60 0.000787989
60 1 0.000787989
1 61 0.00392109
61 1 0.00392109
1 62 0.0084899
62 1 0.0084899
1 63 0.00276113
63 1 0.00276113
1 64 0.00130074
64 1 0.00130074
1 65 0.00564313
65 1 0.00564313
1 66 0.00840245
66 1 0.00840245
1 67 0.00670532
67 1 0.00670532
1 68 0.00425491
68 1 0.00425491
1 69 0.00203888
69 1 0.00203888
1 70 0.0180729
70 1 0.0180729
1 71 0.00674186
71 1 0.00674186
1 72 0.000217208
72 1 0.000217208
1 73 0.00398312
73 1 0.00398312
1 74 0.00187129
74 1 0.00187129
1 75 0.000784326
75 1 0.000784326
1 76 0.0103867
76 1 0.0103867
1 77 0.0221713
77 1 0.0221713
1 78 0.0121035
78 1 0.0121035
1 79 0.013349
79 1 0.013349
1 80 0.0051838
80 1 0.0051838
1 81 0.00838129
81 1 0.00838129
1 82 0.00433225
82 1 0.00433225
1 83 0.0134566
83 1 0.0134566
1 84 0.0236598
84 1 0.0236598
1 85 0.00479513
85 1 0.00479513
1 86 0.00614965
86 1 0.00614965
1 87 0.00346917
87 1 0.00346917
1 88 0.00557587
88 1 0.00557587
1 89 0.00350915
89 1 0.00350915
1 90 0.00759737
90 1 0.00759737
1 91 0.0043191
91 1 0.0043191
1 92 0.0137431
92 1 0.0137431
1 93 0.0161884
93 1 0.0161884
1 94 0.00918283
94 1 0.00918283
1 95 0.00881173
95 1 0.00881173
1 96 0.00238732
96 1 0.00238732
1 97 0.00102422
97 1 0.00102422
1 98 0.00299694
98 1 0.00299694
1 99 0.0107134
99 1 0.0107134
1 100 0.0229395
100 1 0.0229395
2 2 1.00301
2 3 0.0225046
3 2 0.0225046
2 4 0.00535134
4 2 0.00535134
2 5 0.00959798
5 2 0.00959798
2 6 0.00167485
6 2 0.00167485
2 7 0.00196137
7 2 0.00196137
2 8 0.0132374
8 2 0.0132374
2 9 0.000264536
9 2 0.000264536
2 10 0.00205804
10 2 0.00205804
2 11 0.0119778
11 2 0.0119778
2 12 0.00128311
12 2 0.00128311
2 13 0.00585503
13 2 0.00585503
2 14 0.002838
14 2 0.002838
2 15 0.00803349
15 2 0.00803349
2 16 0.0177503
16 2 0.0177503
2 17 0.00214563
17 2 0.00214563
2 18 0.0092672
18 2 0.0092672
2 19 0.00297277
19 2 0.00297277
2 20 0.0089224
20 2 0.0089224
2 21 0.00685061
21 2 0.00685061
2 22 0.000283929
22 2 0.000283929
2 23 0.00700822
23 2 0.00700822
2 24 0.0050197
24 2 0.0050197
2 25 0.00884642
25 2 0.00884642
2 26 0.00354219
26 2 0.00354219
2 27 0.00092811
27 2 0.00092811
2 28 0.00119042
28 2 0.00119042
2 29 0.0110399
29 2 0.0110399
2 30 0.0112666
30 2 0.0112666
2 31 0.00355593
31 2 0.00355593
2 32 0.00469108
32 2 0.00469108
2 33 0.0135252
33 2 0.0135252
2 34 0.00434924
34 2 0.00434924
2 35 0.0130992
35 2 0.0130992
2 36 0.000575666
36 2 0.000575666
2 37 0.000969172
37 2 0.000969172
2 38 0.0113762
38 2 0.0113762
2 39 0.00697648
39 2 0.00697648
2 40 0.0178133
40 2 0.0178133
2 41 0.000377796
41 2 0.000377796
2 42 0.00699004
42 2 0.00699004
2 43 0.00277855
43 2 0.00277855
2 44 0.0242588
44 2 0.0242588
2 45 0.0166185
45 2 0.0166185
2 46 0.00273041
46 2 0.00273041
2 47 0.0174715
47 2 0.0174715
2 48 0.0179816
48 2 0.0179816
2 49 0.0121586
49 2 0.0121586
2 50 0.00261014
50 2 0.00261014
2 51 0.000442017
51 2 0.000442017
2 52 0.00681925
52 2 0.00681925
2 53 0.00627483
53 2 0.00627483
2 54 0.00472271
54 2 0.00472271
2 55 0.0012368
55 2 0.0012368
2 56 0.00643086
56 2 0.00643086
2 57 0.00591966
57 2 0.00591966
2 58 0.00511555
58 2 0.00511555
2 59 0.0242935
59 2 0.0242935
2 60 0.00945517
60 2 0.00945517
2 61 0.00831054
61 2 0.00831054
2 62 0.0110756
62 2 0.0110756
2 63 0.00842307
63 2 0.00842307
2 64 0.00393953
64 2 0.00393953
2 65 0.00359625
65 2 0.00359625
2 66 0.00241902
66 2 0.00241902
2 67 0.00618068
67 2 0.00618068
2 68 0.00885291
68 2 0.00885291
2 69 0.000677186
69 2 0.000677186
2 70 0.00979651
70 2 0.00979651
2 71 0.0129492
71 2 0.0129492
2 72 0.00275373
72 2 0.00275373
2 73 0.0123169
73 2 0.0123169
2 74 0.00160374
74 2 0.00160374
2 75 0.00207932
75 2 0.00207932
2 76 8.95621e-05
76 2 8.95621e-05
2 77 0.0103812
77 2 0.0103812
2 78 0.000222415
78 2 0.000222415
2 79 0.0306704
79 2 0.0306704
2 80 0.00614694
80 2 0.00614694
2 81 0.00543192
81 2 0.00543192
2 82 0.000216094
82 2 0.000216094
2 83 0.000500015
83 2 0.000500015
2 84 0.015217
84 2 0.015217
2 85 0.00591803
85 2 0.00591803
2 86 0.00367417
86 2 0.00367417
2 87 0.00587698
87 2 0.00587698
2 88 0.0141239
88 2 0.0141239
2 89 0.00211037
89 2 0.00211037
2 90 0.00657609
90 2 0.00657609
2 91 0.000743546
91 2 0.000743546
2 92 0.00987074
92 2 0.00987074
2 93 0.00963509
93 2 0.00963509
2 94 0.0110002
94 2 0.0110002
2 95 0.0161896
95 2 0.0161896
2 96 0.0188025
96 2 0.0188025
2 97 0.00501258
97 2 0.00501258
2 98 0.0179433
98 2 0.0179433
2 99 0.0013341
99 2 0.0013341
2 100 0.00375084
100 2 0.00375084
3 3 1.00838
3 4 0.000747418
4 3 0.000747418
3 5 0.0128243
5 3 0.0128243
3 6 0.00459205
6 3 0.00459205
3 7 0.00223626
7 3 0.00223626
3 8 0.0164247
8 3 0.0164247
3 9 0.00905709
9 3 0.00905709
3 10 0.0155557
10 3 0.0155557
3 11 0.015234
11 3 0.015234
3 12 0.00496298
12 3 0.00496298
3 13 0.00313353
13 3 0.00313353
3 14 0.00621693
14 3 0.00621693
3 15 0.00396646
15 3 0.00396646
3 16 0.0152163
16 3 0.0152163
3 17 0.00501083
17 3 0.00501083
3 18 0.00452044
18 3 0.00452044
3 19 0.007697
19 3 0.007697
3 20 0.00889199
20 3 0.00889199
3 21 0.000572818
21 3 0.000572818
3 22 0.00381212
22 3 0.00381212
3 23 0.00291499
23 3 0.00291499
3 24 0.00432934
24 3 0.00432934
3 25 0.00135484
25 3 0.00135484
3 26 0.00285254
26 3 0.00285254
3 27 0.00517925
27 3 0.00517925
3 28 0.0021987
28 3 0.0021987
3 29 0.00521464
29 3 0.00521464
3 30 0.000354847
30 3 0.000354847
3 31 0.0161408
31 3 0.0161408
3 32 0.00233243
32 3 0.00233243
3 33 8.0755e-05
33 3 8.0755e-05
3 34 0.00821244
34 3 0.00821244
3 35 0.00433862
35 3 0.00433862
3 36 0.00329552
36 3 0.00329552
3 37 0.00132522
37 3 0.00132522
3 38 0.00746978
38 3 0.00746978
3 39 0.00713586
39 3 0.00713586
3 40 0.00584503
40 3 0.00584503
3 41 0.000965771
41 3 0.000965771
3 42 0.0138865
42 3 0.0138865
3 43 0.00567815
43 3 0.00567815
3 44 0.00363478
44 3 0.00363478
3 45 0.0155786
45 3 0.0155786
3 46 0.0122435
46 3 0.0122435
3 47 0.0113613
47 3 0.0113613
3 48 0.0074806
48 3 0.0074806
3 49 0.00916787
49 3 0.00916787
3 50 0.0104016
50 3 0.0104016
3 51 0.0219071
51 3 0.0219071
3 52 0.0183917
52 3 0.0183917
3 53 0.00716579
53 3 0.00716579
3 54 0.0010142
54 3 0.0010142
3 55 0.0176629
55 3 0.0176629
3 56 0.00718114
56 3 0.00718114
3 57 0.00504317
57 3 0.00504317
3 58 0.00416715
58 3 0.00416715
3 59 0.00158643
59 3 0.00158643
3 60 0.0160716
60 3 0.0160716
3 61 0.00903073
61 3 0.00903073
3 62 0.000888116
62 3 0.000888116
3 63 0.00445878
63 3 0.00445878
3 64 0.00504453
64 3 0.00504453
3 65 0.00636339
65 3 0.00636339
3 66 0.00919531
66 3 0.00919531
3 67 0.0167576
67 3 0.0167576
3 68 0.00131228
68 3 0.00131228
3 69 0.00259692
69 3 0.00259692
3 70 0.0042399
70 3 0.0042399
3 71 0.00204129
71 3 0.00204129
3 72 0.0122554
72 3 0.0122554
3 73 0.0116435
73 3 0.0116435
3 74 8.07778e-05
74 3 8.07778e-05
3 75 0.00835979
75 3 0.00835979
3 76 0.0038594
76 3 0.0038594
3 77 0.00752637
77 3 0.00752637
3 78 0.00336002
78 3 0.00336002
3 79 0.0155293
79 3 0.0155293
3 80 0.0098103
80 3 0.0098103
3 81 0.000416181
81 3 0.000416181
3 82 0.00641019
82 3 0.00641019
3 83 0.0148773
83 3 0.0148773
3 84 0.0117923
84 3 0.0117923
3 85 0.017756
85 3 0.017756
3 86 0.0063281
86 3 0.0063281
3 87 0.00631498
87 3 0.00631498
3 88 0.00203048
88 3 0.00203048
3 89 0.000200947
89 3 0.000200947
3 90 0.00637275
90 3 0.00637275
3 91 0.0146269
91 3 0.0146269
3 92 0.0197256
92 3 0.0197256
3 93 0.00779985
93 3 0.00779985
3 94 0.00604228
94 3 0.00604228
3 95 0.0106775
95 3 0.0106775
3 96 0.000240502
96 3 0.000240502
3 97 0.0134126
97 3 0.0134126
3 98 0.017725
98 3 0.017725
3 99 0.00284364
99 3 0.00284364
3 100 0.00511191
100 3 0.00511191
4 4 1.0154
4 5 0.000538643
5 4 0.000538643
4 6 0.00123891
6 4 0.00123891
4 7 0.000227206
7 4 0.000227206
4 8 0.00962914
8 4 0.00962914
4 9 0.00983631
9 4 0.00983631
4 10 0.000153915
10 4 0.000153915
4 11 0.00094946
11 4 0.00094946
4 12 0.00586988
12 4 0.00586988
4 13 0.00202868
13 4 0.00202868
4 14 0.02555
14 4 0.02555
4 15 0.0104702
15 4 0.0104702
4 16 0.00459874
16 4 0.00459874
4 17 0.0170251
17 4 0.0170251
4 18 0.00244834
18 4 0.00244834
4 19 0.0258226
19 4 0.0258226
4 20 0.0102542
20 4 0.0102542
4 21 0.011762
21 4 0.011762
4 22 0.0137569
22 4 0.0137569
4 23 0.00283475
23 4 0.00283475
4 24 0.0114263
24 4 0.0114263
4 25 0.00808691
25 4 0.00808691
4 26 0.00491103
26 4 0.00491103
4 27 0.00726587
27 4 0.00726587
4 28 0.00124628
28 4 0.00124628
4 29 0.00519033
29 4 0.00519033
4 30 0.00144864
30 4 0.00144864
4 31 0.0056704
31 4 0.0056704
4 32 0.0166505
32 4 0.0166505
4 33 0.0175341
33 4 0.0175341
4 34 0.00219804
34 4 0.00219804
4 35 0.00184122
35 4 0.00184122
4 36 0.00324116
36 4 0.00324116
4 37 0.00569712
37 4 0.00569712
4 38 0.0147992
38 4 0.0147992
4 39 0.00125697
39 4 0.00125697
4 40 0.00461903
40 4 0.00461903
4 41 0.00056603
41 4 0.00056603
4 42 0.0166246
42 4 0.0166246
4 43 0.0311549
43 4 0.0311549
4 44 0.0130114
44 4 0.0130114
4 45 0.0173636
45 4 0.0173636
4 46 0.00801885
46 4 0.00801885
4 47 0.0219917
47 4 0.0219917
4 48 0.00462996
48 4 0.00462996
4 49 0.00308823
49 4 0.00308823
4 50 0.0148942
50 4 0.0148942
4 51 0.018223
51 4 0.018223
4 52 0.00862914
52 4 0.00862914
4 53 0.0114972
53 4 0.0114972
4 54 0.0140366
54 4 0.0140366
4 55 0.00417822
55 4 0.00417822
4 56 0.0103847
56 4 0.0103847
4 57 0.00413865
57 4 0.00413865
4 58 0.0171618
58 4 0.0171618
4 59 0.00398947
59 4 0.00398947
4 60 0.00164077
60 4 0.00164077
4 61 0.00360977
61 4 0.00360977
4 62 0.010702
62 4 0.010702
4 63 0.00609241
63 4 0.00609241
4 64 0.0111092
64 4 0.0111092
4 65 0.00115573
65 4 0.00115573
4 66 0.000235235
66 4 0.000235235
4 67 0.00914797
67 4 0.00914797
4 68 0.00106782
68 4 0.00106782
4 69 0.0126342
69 4 0.0126342
4 70 0.00338644
70 4 0.00338644
4 71 0.00363777
71 4 0.00363777
4 72 0.0109003
72 4 0.0109003
4 73 0.0179521
73 4 0.0179521
4 74 0.0209108
74 4 0.0209108
4 75 0.0133914
75 4 0.0133914
4 76 0.00726544
76 4 0.00726544
4 77 0.0171697
77 4 0.0171697
4 78 0.0045728
78 4 0.0045728
4 79 0.00690145
79 4 0.00690145
4 80 0.00492672
80 4 0.00492672
4 81 0.0184609
81 4 0.0184609
4 82 0.0159131
82 4 0.0159131
4 83 0.00636221
83 4 0.00636221
4 84 0.00524647
84 4 0.00524647
4 85 0.0135062
85 4 0.0135062
4 86 0.00837683
86 4 0.00837683
4 87 0.013803
87 4 0.013803
4 88 0.00401958
88 4 0.00401958
4 89 0.00737901
89 4 0.00737901
4 90 0.00102088
90 4 0.00102088
4 91 0.00360453
91 4 0.00360453
4 92 0.0128114
92 4 0.0128114
4 93 0.00855388
93 4 0.00855388
4 94 0.00932808
94 4 0.00932808
4 95 0.000828132
95 4 0.000828132
4 96 0.0029234
96 4 0.0029234
4 97 0.00410058
97 4 0.00410058
4 98 0.00226402
98 4 0.00226402
4 99 0.0220678
99 4 0.0220678
4 100 0.00139756
100 4 0.00139756
5 5 1.01504
5 6 0.00545704
6 5 0.00545704
5 7 0.00110192
7 5 0.00110192
5 8 0.0154109
8 5 0.0154109
5 9 0.00221749
9 5 0.00221749
5 10 0.0023433
10 5 0.0023433
5 11 0.00140282
11 5 0.00140282
5 12 0.00336616
12 5 0.00336616
5 13 0.0059587
13 5 0.0059587
5 14 0.000357695
14 5 0.000357695
5 15 0.00553978
15 5 0.00553978
5 16 0.0150507
16 5 0.0150507
5 17 0.0107884
17 5 0.0107884
5 18 0.0272987
18 5 0.0272987
5 19 0.0083764
19 5 0.0083764
5 20 0.0212218
20 5 0.0212218
5 21 0.00614768
21 5 0.00614768
5 22 0.0072171
22 5 0.0072171
5 23 0.00326813
23 5 0.00326813
5 24 0.0100835
24 5 0.0100835
5 25 0.0141951
25 5 0.0141951
5 26 0.00169751
26 5 0.00169751
5 27 0.000846367
27 5 0.000846367
5 28 0.00431408
28 5 0.00431408
5 29 0.023447
29 5 0.023447
5 30 0.00570393
30 5 0.00570393
5 31 0.0128791
31 5 0.0128791
5 32 0.0255837
32 5 0.0255837
5 33 0.0103054
33 5 0.0103054
5 34 0.00297548
34 5 0.00297548
5 35 0.00368914
35 5 0.00368914
5 36 8.97667e-05
36 5 8.97667e-05
5 37 0.0029693
37 5 0.0029693
5 38 0.000275539
38 5 0.000275539
5 39 0.00309017
39 5 0.00309017
5 40 0.00807659
40 5 0.00807659
5 41 0.0138321
41 5 0.0138321
5 42 0.00102276
42 5 0.00102276
5 43 0.0116845
43 5 0.0116845
5 44 0.00372671
44 5 0.00372671
5 45 0.0149562
45 5 0.0149562
5 46 0.000413782
46 5 0.000413782
5 47 0.0106066
47 5 0.0106066
5 48 0.00162713
48 5 0.00162713
5 49 0.00650434
49 5 0.00650434
5 50 0.0237721
50 5 0.0237721
5 51 0.00962889
51 5 0.00962889
5 52 0.00915437
52 5 0.00915437
5 53 0.00741191
53 5 0.00741191
5 54 0.00197087
54 5 0.00197087
5 55 0.00527369
55 5 0.00527369
5 56 0.0107419
56 5 0.0107419
5 57 0.0131272
57 5 0.0131272
5 58 0.00928109
58 5 0.00928109
5 59 0.00272798
59 5 0.00272798
5 60 0.00121656
60 5 0.00121656
5 61 0.00107224
61 5 0.00107224
5 62 0.0109145
62 5 0.0109145
5 63 0.00944583
63 5 0.00944583
5 64 0.00706884
64 5 0.00706884
5 65 0.00544315
65 5 0.00544315
5 66 0.00311276
66 5 0.00311276
5 67 0.00410211
67 5 0.00410211
5 68 0.00707011
68 5 0.00707011
5 69 0.00819819
69 5 0.00819819
5 70 0.0083543
70 5 0.0083543
5 71 0.000986626
71 5 0.000986626
5 72 0.0136895
72 5 0.0136895
5 73 0.0190373
73 5 0.0190373
5 74 0.00700215
74 5 0.00700215
5 75 0.000113516
75 5 0.000113516
5 76 0.0104263
76 5 0.0104263
5 77 0.0199191
77 5 0.0199191
5 78 0.00132659
78 5 0.00132659
5 79 0.00411593
79 5 0.00411593
5 80 0.000761194
80 5 0.000761194
5 81 0.00201494
81 5 0.00201494
5 82 0.00491544
82 5 0.00491544
5 83 0.0216795
83 5 0.0216795
5 84 0.0101767
84 5 0.0101767
5 85 0.000879159
85 5 0.000879159
5 86 0.0205687
86 5 0.0205687
5 87 0.00204592
87 5 0.00204592
5 88 0.0159393
88 5 0.0159393
5 89 0.00015108
89 5 0.00015108
5 90 0.00127247
90 5 0.00127247
5 91 0.00081972
91 5 0.00081972
5 92 0.00393457
92 5 0.00393457
5 93 0.0120206
93 5 0.0120206
5 94 0.00598717
94 5 0.00598717
5 95 0.000654994
95 5 0.000654994
5 96 0.0184753
96 5 0.0184753
5 97 0.0211222
97 5 0.0211222
5 98 0.00358831
98 5 0.00358831
5 99 0.00249773
99 5 0.00249773
5 100 0.0079726
100 5 0.0079726
6 6 1.00592
6 7 0.00643444
7 6 0.00643444
6 8 0.00546486
8 6 0.00546486
6 9 0.00766333
9 6 0.00766333
6 10 0.00151522
10 6 0.00151522
6 11 0.00391453
11 6 0.00391453
6 12 0.0164927
12 6 0.0164927
6 13 0.00897244
13 6 0.00897244
6 14 0.0147879
14 6 0.0147879
6 15 0.00114025
15 6 0.00114025
6 16 0.010522
16 6 0.010522
6 17 0.000908186
17 6 0.000908186
6 18 0.01706
18 6 0.01706
6 19 0.00629782
19 6 0.00629782
6 20 0.0070907
20 6 0.0070907
6 21 0.0217734
21 6 0.0217734
6 22 0.0107674
22 6 0.0107674
6 23 0.013919
23 6 0.013919
6 24 0.0132332
24 6 0.0132332
6 25 0.00149222
25 6 0.00149222
6 26 0.00850856
26 6 0.00850856
6 27 0.013445
27 6 0.013445
6 28 0.0116027
28 6 0.0116027
6 29 0.00653205
29 6 0.00653205
6 30 0.00154147
30 6 0.00154147
6 31 0.0114858
31 6 0.0114858
6 32 0.00865551
32 6 0.00865551
6 33 0.00708161
33 6 0.00708161
6 34 0.00979637
34 6 0.00979637
6 35 0.00524676
35 6 0.00524676
6 36 0.0154478
36 6 0.0154478
6 37 0.00933369
37 6 0.00933369
6 38 0.0257603
38 6 0.0257603
6 39 0.00290263
39 6 0.00290263
6 40 0.000612504
40 6 0.000612504
6 41 0.00649511
41 6 0.00649511
6 42 0.0160559
42 6 0.0160559
6 43 0.00570509
43 6 0.00570509
6 44 0.0058377
44 6 0.0058377
6 45 0.00365572
45 6 0.00365572
6 46 6.65951e-05
46 6 6.65951e-05
6 47 0.00495057
47 6 0.00495057
6 48 0.0230373
48 6 0.0230373
6 49 0.000122102
49 6 0.000122102
6 50 0.0118322
50 6 0.0118322
6 51 0.0117622
51 6 0.0117622
6 52 0.0104214
52 6 0.0104214
6 53 0.00387125
53 6 0.00387125
6 54 0.00885749
54 6 0.00885749
6 55 0.00836784
55 6 0.00836784
6 56 0.00249269
56 6 0.00249269
6 57 0.00539189
57 6 0.00539189
6 58 0.00674612
58 6 0.00674612
6 59 0.00156499
59 6 0.00156499
6 60 0.00561001
60 6 0.00561001
6 61 0.0175211
61 6 0.0175211
6 62 0.00373909
62 6 0.00373909
6 63 0.00771089
63 6 0.00771089
6 64 0.00222142
64 6 0.00222142
6 65 0.00685203
65 6 0.00685203
6 66 0.0123165
66 6 0.0123165
6 67 0.000347184
67 6 0.000347184
6 68 0.0141573
68 6 0.0141573
6 69 0.0123941
69 6 0.0123941
6 70 0.00746822
70 6 0.00746822
6 71 0.00512023
71 6 0.00512023
6 72 0.0175755
72 6 0.0175755
6 73 0.00188611
73 6 0.00188611
6 74 0.000779033
74 6 0.000779033
6 75 0.00305829
75 6 0.00305829
6 76 0.0136966
76 6 0.0136966
6 77 0.00471376
77 6 0.00471376
6 78 0.00821642
78 6 0.00821642
6 79 0.00657995
79 6 0.00657995
6 80 0.00421778
80 6 0.00421778
6 81 0.00597089
81 6 0.00597089
6 82 0.00470308
82 6 0.00470308
6 83 0.00828645
83 6 0.00828645
6 84 0.00814532
84 6 0.00814532
6 85 0.00830715
85 6 0.00830715
6 86 0.00220661
86 6 0.00220661
6 87 0.00687979
87 6 0.00687979
6 88 0.00496631
88 6 0.00496631
6 89 0.00131328
89 6 0.00131328
6 90 0.00678003
90 6 0.00678003
6 91 0.000718749
91 6 0.000718749
6 92 0.00810814
92 6 0.00810814
6 93 0.00412642
93 6 0.00412642
6 94 0.00059856
94 6 0.00059856
6 95 0.00050296
95 6 0.00050296
6 96 0.00252935
96 6 0.00252935
6 97 0.00596963
97 6 0.00596963
6 98 0.00356712
98 6 0.00356712
6 99 0.00681502
99 6 0.00681502
6 100 0.00554878
100 6 0.00554878
7 7 1.00491
7 8 0.00413154
8 7 0.00413154
7 9 0.00409055
9 7 0.00409055
7 10 0.00395233
10 7 0.00395233
7 11 0.0044335
11 7 0.0044335
7 12 0.0058843
12 7 0.0058843
7 13 0.00797087
13 7 0.00797087
7 14 0.0131482
14 7 0.0131482
7 15 0.00751042
15 7 0.00751042
7 16 0.0107938
16 7 0.0107938
7 17 4.94313e-06
17 7 4.94313e-06
7 18 0.0226006
18 7 0.0226006
7 19 0.0078394
19 7 0.0078394
7 20 0.00856507
20 7 0.00856507
7 21 0.00236855
21 7 0.00236855
7 22 0.00618381
22 7 0.00618381
7 23 0.00938602
23 7 0.00938602
7 24 0.00981094
24 7 0.00981094
7 25 0.00372267
25 7 0.00372267
7 26 0.00174462
26 7 0.00174462
7 27 0.0108335
27 7 0.0108335
7 28 0.00274371
28 7 0.00274371
7 29 0.00114398
29 7 0.00114398
7 30 0.00285024
30 7 0.00285024
7 31 0.00460428
31 7 0.00460428
7 32 0.000234561
32 7 0.000234561
7 33 0.0136549
33 7 0.0136549
7 34 0.00759636
34 7 0.00759636
7 35 0.00488821
35 7 0.00488821
7 36 0.00461017
36 7 0.00461017
7 37 0.00151792
37 7 0.00151792
7 38 0.0042846
38 7 0.0042846
7 39 0.0114751
39 7 0.0114751
7 40 0.00152369
40 7 0.00152369
7 41 0.0037
41 7 0.0037
7 42 0.00835501
42 7 0.00835501
7 43 0.00449401
43 7 0.00449401
7 44 0.0119657
44 7 0.0119657
7 45 0.00966407
45 7 0.00966407
7 46 0.00855993
46 7 0.00855993
7 47 0.0118636
47 7 0.0118636
7 48 0.00627588
48 7 0.00627588
7 49 0.0109475
49 7 0.0109475
7 50 0.00874764
50 7 0.00874764
7 51 0.0072693
51 7 0.0072693
7 52 0.00385623
52 7 0.00385623
7 53 0.00841394
53 7 0.00841394
7 54 0.00275536
54 7 0.00275536
7 55 0.0148616
55 7 0.0148616
7 56 0.0108168
56 7 0.0108168
7 57 0.0114705
57 7 0.0114705
7 58 0.0168872
58 7 0.0168872
7 59 0.0278833
59 7 0.0278833
7 60 0.00951096
60 7 0.00951096
7 61 0.0110235
61 7 0.0110235
7 62 0.00213626
62 7 0.00213626
7 63 0.0142731
63 7 0.0142731
7 64 0.0226785
64 7 0.0226785
7 65 0.010382
65 7 0.010382
7 66 0.0124977
66 7 0.0124977
7 67 0.00188663
67 7 0.00188663
7 68 0.00760658
68 7 0.00760658
7 69 0.0214966
69 7 0.0214966
7 70 0.0117861
70 7 0.0117861
7 71 0.00583091
71 7 0.00583091
7 72 0.00120678
72 7 0.00120678
7 73 0.0063182
73 7 0.0063182
7 74 0.00902171
74 7 0.00902171
7 75 0.00606176
75 7 0.00606176
7 76 0.0053758
76 7 0.0053758
7 77 2.80868e-05
77 7 2.80868e-05
7 78 0.00942944
78 7 0.00942944
7 79 0.000132285
79 7 0.000132285
7 80 0.000862909
80 7 0.000862909
7 81 0.00608417
81 7 0.00608417
7 82 0.00489397
82 7 0.00489397
7 83 0.00366276
83 7 0.00366276
7 84 0.0163819
84 7 0.0163819
7 85 0.0130691
85 7 0.0130691
7 86 0.00897648
86 7 0.00897648
7 87 0.00994224
87 7 0.00994224
7 88 0.00417615
88 7 0.00417615
7 89 0.0140477
89 7 0.0140477
7 90 0.00406363
90 7 0.00406363
7 91 0.0129154
91 7 0.0129154
7 92 0.0133667
92 7 0.0133667
7 93 0.0113139
93 7 0.0113139
7 94 0.00095778
94 7 0.00095778
7 95 0.0119892
95 7 0.0119892
7 96 0.00711973
96 7 0.00711973
7 97 0.00655655
97 7 0.00655655
7 98 0.00991158
98 7 0.00991158
7 99 0.000358302
99 7 0.000358302
7 100 0.00918372
100 7 0.00918372
8 8 1.00748
8 9 0.00397495
9 8 0.00397495
8 10 0.00554159
10 8 0.00554159
8 11 0.00189614
11 8 0.00189614
8 12 0.0161151
12 8 0.0161151
8 13 0.00259621
13 8 0.00259621
8 14 0.00486518
14 8 0.00486518
8 15 0.00576061
15 8 0.00576061
8 16 0.0108404
16 8 0.0108404
8 17 0.0099847
17 8 0.0099847
8 18 0.0120696
18 8 0.0120696
8 19 0.00602722
19 8 0.00602722
8 20 0.0113208
20 8 0.0113208
8 21 0.0190873
21 8 0.0190873
8 22 0.0109696
22 8 0.0109696
8 23 0.00136679
23 8 0.00136679
8 24 0.00914554
24 8 0.00914554
8 25 0.0141345
25 8 0.0141345
8 26 0.0150827
26 8 0.0150827
8 27 0.016441
27 8 0.016441
8 28 0.00163387
28 8 0.00163387
8 29 0.00549236
29 8 0.00549236
8 30 0.00606316
30 8 0.00606316
8 31 0.0122264
31 8 0.0122264
8 32 0.0162421
32 8 0.0162421
8 33 0.0163886
33 8 0.0163886
8 34 0.0014157
34 8 0.0014157
8 35 0.0238162
35 8 0.0238162
8 36 0.0145455
36 8 0.0145455
8 37 0.00926234
37 8 0.00926234
8 38 0.0129543
38 8 0.0129543
8 39 0.017082
39 8 0.017082
8 40 0.000499349
40 8 0.000499349
8 41 0.017314
41 8 0.017314
8 42 0.00227021
42 8 0.00227021
8 43 0.0246802
43 8 0.0246802
8 44 0.00472618
44 8 0.00472618
8 45 0.000655388
45 8 0.000655388
8 46 0.0108567
46 8 0.0108567
8 47 0.000924488
47 8 0.000924488
8 48 0.0101044
48 8 0.0101044
8 49 0.00431101
49 8 0.00431101
8 50 0.0014826
50 8 0.0014826
8 51 0.00329856
51 8 0.00329856
8 52 0.00361847
52 8 0.00361847
8 53 0.00261036
53 8 0.00261036
8 54 0.0104598
54 8 0.0104598
8 55 0.00800737
55 8 0.00800737
8 56 0.00837079
56 8 0.00837079
8 57 0.013079
57 8 0.013079
8 58 0.0166507
58 8 0.0166507
8 59 0.0112443
59 8 0.0112443
8 60 0.00483415
60 8 0.00483415
8 61 0.00834391
61 8 0.00834391
8 62 0.0141555
62 8 0.0141555
8 63 0.00664132
63 8 0.00664132
8 64 0.00512145
64 8 0.00512145
8 65 0.00709483
65 8 0.00709483
8 66 0.0215405
66 8 0.0215405
8 67 0.0050541
67 8 0.0050541
8 68 0.0169474
68 8 0.0169474
8 69 0.00806294
69 8 0.00806294
8 70 0.000168612
70 8 0.000168612
8 71 0.000818119
71 8 0.000818119
8 72 0.000880322
72 8 0.000880322
8 73 0.0105808
73 8 0.0105808
8 74 0.0026383
74 8 0.0026383
8 75 0.0154806
75 8 0.0154806
8 76 0.0133501
76 8 0.0133501
8 77 0.00566557
77 8 0.00566557
8 78 0.0164572
78 8 0.0164572
8 79 0.0281949
79 8 0.0281949
8 80 0.00105597
80 8 0.00105597
8 81 0.0102881
81 8 0.0102881
8 82 0.0140957
82 8 0.0140957
8 83 0.00833807
83 8 0.00833807
8 84 0.00851934
84 8 0.00851934
8 85 0.00894597
85 8 0.00894597
8 86 0.0103337
86 8 0.0103337
8 87 0.00297768
87 8 0.00297768
8 88 0.00502708
88 8 0.00502708
8 89 0.00590406
89 8 0.00590406
8 90 0.00663258
90 8 0.00663258
8 91 0.0167316
91 8 0.0167316
8 92 0.0204107
92 8 0.0204107
8 93 0.00105083
93 8 0.00105083
8 94 0.00403566
94 8 0.00403566
8 95 0.0196659
95 8 0.0196659
8 96 0.0235867
96 8 0.0235867
8 97 0.00395864
97 8 0.00395864
8 98 0.000659388
98 8 0.000659388
8 99 0.000426758
99 8 0.000426758
8 100 0.019459
100 8 0.019459
9 9 1.00593
9 10 0.00162177
10 9 0.00162177
9 11 0.00466102
11 9 0.00466102
9 12 0.00883362
12 9 0.00883362
9 13 0.00545188
13 9 0.00545188
9 14 0.00204671
14 9 0.00204671
9 15 0.00684521
15 9 0.00684521
9 16 0.00295063
16 9 0.00295063
9 17 0.000333585
17 9 0.000333585
9 18 0.0163256
18 9 0.0163256
9 19 0.00843317
19 9 0.00843317
9 20 0.00573848
20 9 0.00573848
9 21 0.00796431
21 9 0.00796431
9 22 0.00541579
22 9 0.00541579
9 23 0.000948728
23 9 0.000948728
9 24 0.00945945
24 9 0.00945945
9 25 0.00864513
25 9 0.00864513
9 26 0.00131059
26 9 0.00131059
9 27 0.0131156
27 9 0.0131156
9 28 0.0187609
28 9 0.0187609
9 29 0.003511
29 9 0.003511
9 30 0.012306
30 9 0.012306
9 31 0.00872087
31 9 0.00872087
9 32 0.0205487
32 9 0.0205487
9 33 0.00248945
33 9 0.00248945
9 34 0.0106501
34 9 0.0106501
9 35 0.00794201
35 9 0.00794201
9 36 0.000431849
36 9 0.000431849
9 37 0.00173561
37 9 0.00173561
9 38 0.00858941
38 9 0.00858941
9 39 0.00673914
39 9 0.00673914
9 40 0.00729387
40 9 0.00729387
9 41 0.0145557
41 9 0.0145557
9 42 0.000622369
42 9 0.000622369
9 43 0.00284235
43 9 0.00284235
9 44 0.00198448
44 9 0.00198448
9 45 0.00335835
45 9 0.00335835
9 46 0.0218542
46 9 0.0218542
9 47 0.0137095
47 9 0.0137095
9 48 0.013405
48 9 0.013405
9 49 0.0019802
49 9 0.0019802
9 50 0.00454936
50 9 0.00454936
9 51 1.17596e-05
51 9 1.17596e-05
9 52 0.0083424
52 9 0.0083424
9 53 0.0160616
53 9 0.0160616
9 54 0.0117491
54 9 0.0117491
9 55 0.00440308
55 9 0.00440308
9 56 0.0053778
56 9 0.0053778
9 57 0.00376348
57 9 0.00376348
9 58 0.0176115
58 9 0.0176115
9 59 0.0167856
59 9 0.0167856
9 60 0.0011784
60 9 0.0011784
9 61 0.000638572
61 9 0.000638572
9 62 0.000530707
62 9 0.000530707
9 63 0.00491749
63 9 0.00491749
9 64 0.0118435
64 9 0.0118435
9 65 0.00564124
65 9 0.00564124
9 66 0.0166383
66 9 0.0166383
9 67 0.0116839
67 9 0.0116839
9 68 0.00969831
68 9 0.00969831
9 69 0.00990701
69 9 0.00990701
9 70 0.00207814
70 9 0.00207814
9 71 0.00877431
71 9 0.00877431
9 72 0.0141608
72 9 0.0141608
9 73 0.00861879
73 9 0.00861879
9 74 0.017331
74 9 0.017331
9 75 0.000982812
75 9 0.000982812
9 76 0.00473016
76 9 0.00473016
9 77 0.014665
77 9 0.014665
9 78 0.00149288
78 9 0.00149288
9 79 0.00966762
79 9 0.00966762
9 80 0.00129543
80 9 0.00129543
9 81 0.0030098
81 9 0.0030098
9 82 0.00739166
82 9 0.00739166
9 83 0.0115261
83 9 0.0115261
9 84 0.00384748
84 9 0.00384748
9 85 0.00313549
85 9 0.00313549
9 86 0.0015188
86 9 0.0015188
9 87 0.00935531
87 9 0.00935531
9 88 0.0102879
88 9 0.0102879
9 89 0.0153967
89 9 0.0153967
9 90 0.00166626
90 9 0.00166626
9 91 0.00247865
91 9 0.00247865
9 92 0.0105056
92 9 0.0105056
9 93 0.0108179
93 9 0.0108179
9 94 0.000599675
94 9 0.000599675
9 95 0.00121939
95 9 0.00121939
9 96 0.00199919
96 9 0.00199919
9 97 0.0121276
97 9 0.0121276
9 98 0.00465152
98 9 0.00465152
9 99 0.00461912
99 9 0.00461912
9 100 0.0106735
100 9 0.0106735
10 10 1.00222
10 11 0.00934069
11 10 0.00934069
10 12 0.00411275
12 10 0.00411275
10 13 0.00128436
13 10 0.00128436
10 14 0.00689514
14 10 0.00689514
10 15 0.00744632
15 10 0.00744632
10 16 0.0170788
16 10 0.0170788
10 17 0.0156072
17 10 0.0156072
10 18 0.0102612
18 10 0.0102612
10 19 0.015529
19 10 0.015529
10 20 0.0181813
20 10 0.0181813
10 21 0.000258616
21 10 0.000258616
10 22 0.0206377
22 10 0.0206377
10 23 0.0108534
23 10 0.0108534
10 24 0.00761749
24 10 0.00761749
10 25 0.00344113
25 10 0.00344113
10 26 0.002508
26 10 0.002508
10 27 0.00460296
27 10 0.00460296
10 28 0.0143693
28 10 0.0143693
10 29 0.00765511
29 10 0.00765511
10 30 1.36414e-05
30 10 1.36414e-05
10 31 0.00371669
31 10 0.00371669
10 32 0.00130857
32 10 0.00130857
10 33 0.00478304
33 10 0.00478304
10 34 0.00152189
34 10 0.00152189
10 35 0.00332676
35 10 0.00332676
10 36 0.0020475
36 10 0.0020475
10 37 0.00581526
37 10 0.00581526
10 38 0.00155819
38 10 0.00155819
10 39 0.0160023
39 10 0.0160023
10 40 0.00129526
40 10 0.00129526
10 41 0.0198042
41 10 0.0198042
10 42 0.0125976
42 10 0.0125976
10 43 0.00384627
43 10 0.00384627
10 44 0.020387
44 10 0.020387
10 45 0.00132748
45 10 0.00132748
10 46 0.00629412
46 10 0.00629412
10 47 0.00457928
47 10 0.00457928
10 48 0.0123224
48 10 0.0123224
10 49 0.00696323
49 10 0.00696323
10 50 0.00107505
50 10 0.00107505
10 51 0.0181544
51 10 0.0181544
10 52 0.00753249
52 10 0.00753249
10 53 0.00633576
53 10 0.00633576
10 54 0.00836472
54 10 0.00836472
10 55 0.0175526
55 10 0.0175526
10 56 0.0207898
56 10 0.0207898
10 57 0.00330745
57 10 0.00330745
10 58 0.0116912
58 10 0.0116912
10 59 0.00561863
59 10 0.00561863
10 60 0.00946933
60 10 0.00946933
10 61 0.00196813
61 10 0.00196813
10 62 0.0132088
62 10 0.0132088
10 63 0.0107506
63 10 0.0107506
10 64 0.0049091
64 10 0.0049091
10 65 0.000918771
65 10 0.000918771
10 66 0.00781054
66 10 0.00781054
10 67 0.00606162
67 10 0.00606162
10 68 0.0158723
68 10 0.0158723
10 69 0.00719062
69 10 0.00719062
10 70 0.00338472
70 10 0.00338472
10 71 0.0083468
71 10 0.0083468
10 72 0.00999767
72 10 0.00999767
10 73 0.00230039
73 10 0.00230039
10 74 0.00764326
74 10 0.00764326
10 75 0.00938359
75 10 0.00938359
10 76 0.00953735
76 10 0.00953735
10 77 0.000585804
77 10 0.000585804
10 78 0.00736683
78 10 0.00736683
10 79 0.000917793
79 10 0.000917793
10 80 0.0114784
80 10 0.0114784
10 81 0.00519361
81 10 0.00519361
10 82 0.0126953
82 10 0.0126953
10 83 0.00082736
83 10 0.00082736
10 84 0.00249695
84 10 0.00249695
10 85 0.00900878
85 10 0.00900878
10 86 0.00833216
86 10 0.00833216
10 87 0.0125025
87 10 0.0125025
10 88 0.00761426
88 10 0.00761426
10 89 0.00483787
89 10 0.00483787
10 90 0.00296173
90 10 0.00296173
10 91 0.0178088
91 10 0.0178088
10 92 0.00994947
92 10 0.00994947
10 93 0.0269283
93 10 0.0269283
10 94 0.0139815
94 10 0.0139815
10 95 0.00787734
95 10 0.00787734
10 96 0.0130658
96 10 0.0130658
10 97 0.00541617
97 10 0.00541617
10 98 0.00256291
98 10 0.00256291
10 99 0.00569901
99 10 0.00569901
10 100 0.00560585
100 10 0.00560585
11 11 1.01099
11 12 0.00107911
12 11 0.00107911
11 13 0.00289838
13 11 0.00289838
11 14 0.00416331
14 11 0.00416331
11 15 0.0043584
15 11 0.0043584
11 16 0.00755003
16 11 0.00755003
11 17 0.00867347
17 11 0.00867347
11 18 0.00869522
18 11 0.00869522
11 19 0.00494601
19 11 0.00494601
11 20 0.00558192
20 11 0.00558192
11 21 0.00104981
21 11 0.00104981
11 22 0.00621175
22 11 0.00621175
11 23 0.00574297
23 11 0.00574297
11 24 0.0113097
24 11 0.0113097
11 25 0.00792841
25 11 0.00792841
11 26 0.00663567
26 11 0.00663567
11 27 0.0116404
27 11 0.0116404
11 28 0.00950589
28 11 0.00950589
11 29 0.0041304
29 11 0.0041304
11 30 0.00913635
30 11 0.00913635
11 31 0.002203
31 11 0.002203
11 32 0.0242788
32 11 0.0242788
11 33 0.00251198
33 11 0.00251198
11 34 0.00244903
34 11 0.00244903
11 35 0.0080501
35 11 0.0080501
11 36 0.000739471
36 11 0.000739471
11 37 0.00417863
37 11 0.00417863
11 38 0.000682254
38 11 0.000682254
11 39 0.0161118
39 11 0.0161118
11 40 0.0134271
40 11 0.0134271
11 41 0.019359
41 11 0.019359
11 42 0.0172537
42 11 0.0172537
11 43 0.012321
43 11 0.012321
11 44 0.00338318
44 11 0.00338318
11 45 0.00124165
45 11 0.00124165
11 46 0.0116408
46 11 0.0116408
11 47 0.01333
47 11 0.01333
11 48 0.00331601
48 11 0.00331601
11 49 0.00514437
49 11 0.00514437
11 50 4.81754e-05
50 11 4.81754e-05
11 51 0.00609788
51 11 0.00609788
11 52 0.010189
52 11 0.010189
11 53 0.0057147
53 11 0.0057147
11 54 0.00240664
54 11 0.00240664
11 55 0.00964488
55 11 0.00964488
11 56 0.0132286
56 11 0.0132286
11 57 0.00915099
57 11 0.00915099
11 58 0.0146522
58 11 0.0146522
11 59 0.00527137
59 11 0.00527137
11 60 0.000683872
60 11 0.000683872
11 61 0.00386145
61 11 0.00386145
11 62 0.00402986
62 11 0.00402986
11 63 0.00431688
63 11 0.00431688
11 64 0.00424424
64 11 0.00424424
11 65 0.00124517
65 11 0.00124517
11 66 0.0137805
66 11 0.0137805
11 67 0.00402552
67 11 0.00402552
11 68 0.0200619
68 11 0.0200619
11 69 0.00218974
69 11 0.00218974
11 70 0.00670031
70 11 0.00670031
11 71 0.00652428
71 11 0.00652428
11 72 0.00164765
72 11 0.00164765
11 73 0.00434801
73 11 0.00434801
11 74 0.0122512
74 11 0.0122512
11 75 0.00559959
75 11 0.00559959
11 76 0.0151968
76 11 0.0151968
11 77 0.0113231
77 11 0.0113231
11 78 0.00177902
78 11 0.00177902
11 79 0.00395155
79 11 0.00395155
11 80 0.00687384
80 11 0.00687384
11 81 0.00910765
81 11 0.00910765
11 82 0.00118631
82 11 0.00118631
11 83 0.00243419
83 11 0.00243419
11 84 0.00686158
84 11 0.00686158
11 85 0.00530194
85 11 0.00530194
11 86 0.00337937
86 11 0.00337937
11 87 0.0188658
87 11 0.0188658
11 88 0.00992566
88 11 0.00992566
11 89 9.56974e-06
89 11 9.56974e-06
11 90 0.015725
90 11 0.015725
11 91 0.00275767
91 11 0.00275767
11 92 0.00427377
92 11 0.00427377
11 93 0.00353893
93 11 0.00353893
11 94 0.0143212
94 11 0.0143212
11 95 0.0141927
95 11 0.0141927
11 96 0.00309058
96 11 0.00309058
11 97 0.0186449
97 11 0.0186449
11 98 0.0093018
98 11 0.0093018
11 99 0.0104735
99 11 0.0104735
11 100 0.00462225
100 11 0.00462225
12 12 1.01078
12 13 0.0018007
13 12 0.0018007
12 14 0.00624898
14 12 0.00624898
12 15 0.012206
15 12 0.012206
12 16 0.00346925
16 12 0.00346925
12 17 0.00373634
17 12 0.00373634
12 18 0.00190944
18 12 0.00190944
12 19 0.0133512
19 12 0.0133512
12 20 0.0136629
20 12 0.0136629
12 21 0.00357477
21 12 0.00357477
12 22 0.00637485
22 12 0.00637485
12 23 0.0160568
23 12 0.0160568
12 24 0.00398963
24 12 0.00398963
12 25 0.00817595
25 12 0.00817595
12 26 0.00512869
26 12 0.00512869
12 27 0.00495046
27 12 0.00495046
12 28 0.00148458
28 12 0.00148458
12 29 0.00841746
29 12 0.00841746
12 30 0.00984147
30 12 0.00984147
12 31 0.0112984
31 12 0.0112984
12 32 0.00253548
32 12 0.00253548
12 33 0.00385091
33 12 0.00385091
12 34 0.00246655
34 12 0.00246655
12 35 0.00376372
35 12 0.00376372
12 36 0.00226863
36 12 0.00226863
12 37 0.0129998
37 12 0.0129998
12 38 0.00957386
38 12 0.00957386
12 39 0.00605803
39 12 0.00605803
12 40 0.00636789
40 12 0.00636789
12 41 0.00792179
41 12 0.00792179
12 42 0.00984886
42 12 0.00984886
12 43 0.00982922
43 12 0.00982922
12 44 0.00580352
44 12 0.00580352
12 45 0.00485374
45 12 0.00485374
12 46 0.013443
46 12 0.013443
12 47 0.0106602
47 12 0.0106602
12 48 0.00610519
48 12 0.00610519
12 49 0.00234516
49 12 0.00234516
12 50 0.0107276
50 12 0.0107276
12 51 0.00935873
51 12 0.00935873
12 52 0.00169445
52 12 0.00169445
12 53 0.00313365
53 12 0.00313365
12 54 0.0123658
54 12 0.0123658
12 55 0.0153463
55 12 0.0153463
12 56 0.00721738
56 12 0.00721738
12 57 0.0148853
57 12 0.0148853
12 58 0.000497964
58 12 0.000497964
12 59 0.00857918
59 12 0.00857918
12 60 0.0166487
60 12 0.0166487
12 61 0.00147259
61 12 0.00147259
12 62 0.00721557
62 12 0.00721557
12 63 0.00732069
63 12 0.00732069
12 64 0.008693
64 12 0.008693
12 65 0.00144752
65 12 0.00144752
12 66 0.00151784
66 12 0.00151784
12 67 0.00404119
67 12 0.00404119
12 68 0.0166151
68 12 0.0166151
12 69 0.0125379
69 12 0.0125379
12 70 0.00167745
70 12 0.00167745
12 71 0.00447309
71 12 0.00447309
12 72 0.00748863
72 12 0.00748863
12 73 0.020506
73 12 0.020506
12 74 0.00865951
74 12 0.00865951
12 75 0.028218
75 12 0.028218
12 76 0.00675068
76 12 0.00675068
12 77 0.000757255
77 12 0.000757255
12 78 0.0112024
78 12 0.0112024
12 79 0.000833287
79 12 0.000833287
12 80 0.00603756
80 12 0.00603756
12 81 0.00374988
81 12 0.00374988
12 82 0.00645339
82 12 0.00645339
12 83 0.0145524
83 12 0.0145524
12 84 0.0121768
84 12 0.0121768
12 85 0.010882
85 12 0.010882
12 86 0.0065711
86 12 0.0065711
12 87 0.00971355
87 12 0.00971355
12 88 0.00212954
88 12 0.00212954
12 89 0.0060664
89 12 0.0060664
12 90 0.00797918
90 12 0.00797918
12 91 0.000257483
91 12 0.000257483
12 92 0.015334
92 12 0.015334
12 93 0.0111519
93 12 0.0111519
12 94 0.0167994
94 12 0.0167994
12 95 2.27238e-05
95 12 2.27238e-05
12 96 0.015207
96 12 0.015207
12 97 0.00485873
97 12 0.00485873
12 98 0.000714547
98 12 0.000714547
12 99 0.00438845
99 12 0.00438845
12 100 0.0247708
100 12 0.0247708
13 13 1.00104
13 14 0.0112744
14 13 0.0112744
13 15 0.00536095
15 13 0.00536095
13 16 0.00895701
16 13 0.00895701
13 17 0.0124683
17 13 0.0124683
13 18 0.0119448
18 13 0.0119448
13 19 0.00186091
19 13 0.00186091
13 20 0.000846242
20 13 0.000846242
13 21 0.00153618
21 13 0.00153618
13 22 0.0011836
22 13 0.0011836
13 23 0.00294255
23 13 0.00294255
13 24 0.00215564
24 13 0.00215564
13 25 0.0103876
25 13 0.0103876
13 26 0.0050198
26 13 0.0050198
13 27 0.00360294
27 13 0.00360294
13 28 0.00863988
28 13 0.00863988
13 29 0.00563512
29 13 0.00563512
13 30 0.0156781
30 13 0.0156781
13 31 0.00218639
31 13 0.00218639
13 32 0.00428937
32 13 0.00428937
13 33 0.00776589
33 13 0.00776589
13 34 0.000528554
34 13 0.000528554
13 35 0.00685335
35 13 0.00685335
13 36 0.00287276
36 13 0.00287276
13 37 0.00722084
37 13 0.00722084
13 38 0.0207918
38 13 0.0207918
13 39 0.00195957
39 13 0.00195957
13 40 0.00919283
40 13 0.00919283
13 41 0.0124717
41 13 0.0124717
13 42 0.0125611
42 13 0.0125611
13 43 0.00305308
43 13 0.00305308
13 44 0.00450344
44 13 0.00450344
13 45 0.00837083
45 13 0.00837083
13 46 0.00141907
46 13 0.00141907
13 47 0.0115029
47 13 0.0115029
13 48 0.0124791
48 13 0.0124791
13 49 0.0102949
49 13 0.0102949
13 50 0.00378531
50 13 0.00378531
13 51 0.00543918
51 13 0.00543918
13 52 0.00952995
52 13 0.00952995
13 53 0.00194999
53 13 0.00194999
13 54 0.012274
54 13 0.012274
13 55 0.00674755
55 13 0.00674755
13 56 0.00294617
56 13 0.00294617
13 57 0.014856
57 13 0.014856
13 58 0.00424001
58 13 0.00424001
13 59 0.0126343
59 13 0.0126343
13 60 0.0110589
60 13 0.0110589
13 61 0.015238
61 13 0.015238
13 62 0.00681303
62 13 0.00681303
13 63 0.000895915
63 13 0.000895915
13 64 0.0064909
64 13 0.0064909
13 65 0.0183594
65 13 0.0183594
13 66 0.0212261
66 13 0.0212261
13 67 0.00584088
67 13 0.00584088
13 68 0.00908224
68 13 0.00908224
13 69 0.00630342
69 13 0.00630342
13 70 0.0132473
70 13 0.0132473
13 71 0.0133186
71 13 0.0133186
13 72 0.0148515
72 13 0.0148515
13 73 0.0023177
73 13 0.0023177
13 74 0.0171984
74 13 0.0171984
13 75 0.00117922
75 13 0.00117922
13 76 0.0104909
76 13 0.0104909
13 77 0.0100844
77 13 0.0100844
13 78 0.0101945
78 13 0.0101945
13 79 0.000193627
79 13 0.000193627
13 80 0.00295145
80 13 0.00295145
13 81 0.0125705
81 13 0.0125705
13 82 0.00953173
82 13 0.00953173
13 83 0.013439
83 13 0.013439
13 84 0.0144675
84 13 0.0144675
13 85 0.006491
85 13 0.006491
13 86 0.00354156
86 13 0.00354156
13 87 0.00432958
87 13 0.00432958
13 88 0.00371373
88 13 0.00371373
13 89 0.00491935
89 13 0.00491935
13 90 0.000196171
90 13 0.000196171
13 91 0.0157676
91 13 0.0157676
13 92 0.0145609
92 13 0.0145609
13 93 0.00912944
93 13 0.00912944
13 94 0.00330439
94 13 0.00330439
13 95 0.00477528
95 13 0.00477528
13 96 0.0104766
96 13 0.0104766
13 97 0.00244142
97 13 0.00244142
13 98 6.9485e-05
98 13 6.9485e-05
13 99 0.0210829
99 13 0.0210829
13 100 0.0070131
100 13 0.0070131
14 14 1.00232
14 15 0.00430358
15 14 0.00430358
14 16 0.0186144
16 14 0.0186144
14 17 0.0219756
17 14 0.0219756
14 18 0.0131638
18 14 0.0131638
14 19 0.0343835
19 14 0.0343835
14 20 0.00786296
20 14 0.00786296
14 21 0.0063664
21 14 0.0063664
14 22 0.00283883
22 14 0.00283883
14 23 0.0020262
23 14 0.0020262
14 24 0.00549331
24 14 0.00549331
14 25 0.00616939
25 14 0.00616939
14 26 0.0117379
26 14 0.0117379
14 27 0.00144863
27 14 0.00144863
14 28 0.00254277
28 14 0.00254277
14 29 0.0108713
29 14 0.0108713
14 30 0.00289476
30 14 0.00289476
14 31 0.00833887
31 14 0.00833887
14 32 0.00635799
32 14 0.00635799
14 33 0.0267881
33 14 0.0267881
14 34 0.00601653
34 14 0.00601653
14 35 0.0221596
35 14 0.0221596
14 36 0.0112352
36 14 0.0112352
14 37 0.00771522
37 14 0.00771522
14 38 0.00254264
38 14 0.00254264
14 39 0.0144644
39 14 0.0144644
14 40 0.00076321
40 14 0.00076321
14 41 0.00416998
41 14 0.00416998
14 42 0.0181565
42 14 0.0181565
14 43 0.00193811
43 14 0.00193811
14 44 0.0151977
44 14 0.0151977
14 45 0.00541538
45 14 0.00541538
14 46 0.00219013
46 14 0.00219013
14 47 0.00418644
47 14 0.00418644
14 48 0.00116185
48 14 0.00116185
14 49 0.00244081
49 14 0.00244081
14 50 0.0125095
50 14 0.0125095
14 51 0.00191111
51 14 0.00191111
14 52 0.00366337
52 14 0.00366337
14 53 0.0116656
53 14 0.0116656
